
00000000000000000000011110110111
11110010000000010000000100010011
00110010000001111000011110010011
00001100000100010010111000100011
00000000100000010000011100010011
00001100100001111000011010010011
00000000000001111010100010000011
00000000010001111010100000000011
00000000100001111010010100000011
00000000110001111010010110000011
00000001000001111010011000000011
00000001000101110010000000100011
00000001000001110010001000100011
00000000101001110010010000100011
00000000101101110010011000100011
00000000110001110010100000100011
00000001010001111000011110010011
00000001010001110000011100010011
00000000110101111101010001100011
00011100110000000000000001101111
00000000100000010000010100010011
00000000000000000000011000110111
00000011000101100000011000010011
00000000000000000000010110110111
00000000000001011000010110010011
00000000000000000000001100010111
00111001100000110000000011100111
00001101110000010010000010000011
00000000000000000000010100110111
00000000000001010000010100010011
00001110000000010000000100010011
01100010100000000000000001101111
11111010000000010000000100010011
00000100100000010010111000100011
00000101001000010010110000100011
00000101001100010010101000100011
00000101010000010010100000100011
00000101010100010010011000100011
00000101011000010010010000100011
00000101011100010010001000100011
00000110000000010000010000010011
11111010101001000010011000100011
11111010101101000010010000100011
11111010110001000010001000100011
11111010110101000010000000100011
00000000000000010000011010010011
00000000000001101000010110010011
11111010010001000010011000000011
11111010100001000010011010000011
00000000110101100011011010110011
00000000000101101000011010010011
11111100110101000010100000100011
11111010000001000010011000000011
11111010010001000010011010000011
00000000110101100011011010110011
11111100110101000010011000100011
11111101000001000010011010000011
11111111111101101000011000010011
11111100110001000010010000100011
00000000000001101000011000010011
00000000000001100000101100010011
00000000000000000000101110110111
00000000000010111000101110010011
00000001101110110101011000010011
00000000010110111001111010010011
00000001110101100110111010110011
00000000010110110001111000010011
00000000000001101000011000010011
00000000000001100000101000010011
00000000000000000000101010110111
00000000000010101000101010010011
00000001101110100101011000010011
00000000010110101001001110010011
00000000011101100110001110110011
00000000010110100001001100010011
00000000001001101001011010010011
00000000111101101000011010010011
00000000010001101101011010010011
00000000010001101001011010010011
00000000110100010011000100110011
00000000000000010000011010010011
00000000001101101000011010010011
00000000001001101101011010010011
00000000001001101001011010010011
11111100110101000010001000100011
11111100110001000010011010000011
11111111111101101000011000010011
11111100110001000010000000100011
00000000000001101000011000010011
00000000000001100000100100010011
00000000000000000000100110110111
00000000000010011000100110010011
00000001101110010101011000010011
00000000010110011001100010010011
00000001000101100110100010110011
00000000010110010001100000010011
00000000000001101000011000010011
00000000000001100000111100010011
00000000000000000000111110110111
00000000000011111000111110010011
00000001101111110101011000010011
00000000010111111001011110010011
00000000111101100110011110110011
00000000010111110001011100010011
00000000000001101000011110010011
00000000001001111001011110010011
00000000111101111000011110010011
00000000010001111101011110010011
00000000010001111001011110010011
00000000111100010011000100110011
00000000000000010000011110010011
00000000001101111000011110010011
00000000001001111101011110010011
00000000001001111001011110010011
11111010111101000010111000100011
11111100000001000010101000100011
00100011110000000000000001101111
11111010100001000010011100000011
11111101010001000010011110000011
00000000111101110000011110110011
00000000001001111001011110010011
11111010110001000010011100000011
00000000111101110000011110110011
00000000000001111010011100000011
11111100010001000010011010000011
11111101010001000010011110000011
00000000001001111001011110010011
00000000111101101000011110110011
00000000111001111010000000100011
11111101010001000010011110000011
00000000000101111000011110010011
11111100111101000010101000100011
11111101010001000010011100000011
11111101000001000010011110000011
00000000111101110101010001100011
00011011010000000000000001101111
11111100000001000010110000100011
00100011110000000000000001101111
11111010010001000010011110000011
00000000000101111000011100010011
11111101100001000010011110000011
00000000111101110000011110110011
00000000001001111001011110010011
11111010110001000010011100000011
00000000111101110000011110110011
00000000000001111010011100000011
11111011110001000010011010000011
11111101100001000010011110000011
00000000001001111001011110010011
00000000111101101000011110110011
00000000111001111010000000100011
11111101100001000010011110000011
00000000000101111000011110010011
11111100111101000010110000100011
11111101100001000010011100000011
11111100110001000010011110000011
00000000111101110101010001100011
00011010110000000000000001101111
11111100000001000010101000100011
11111100000001000010110000100011
11111010100001000010011110000011
11111100111101000010111000100011
00101001100000000000000001101111
11111100010001000010011100000011
11111101010001000010011110000011
00000000001001111001011110010011
00000000111101110000011110110011
00000000000001111010011100000011
11111011110001000010011010000011
11111101100001000010011110000011
00000000001001111001011110010011
00000000111101101000011110110011
00000000000001111010011110000011
00000000111001111101010001100011
00100011000000000000000001101111
11111101010001000010011110000011
00000000000101111000011100010011
11111100111001000010101000100011
11111101110001000010011100000011
00000000000101110000011010010011
11111100110101000010111000100011
00000000001001110001011100010011
11111010110001000010011010000011
00000000111001101000011100110011
11111100010001000010011010000011
00000000001001111001011110010011
00000000111101101000011110110011
00000000000001111010011110000011
00000000111101110010000000100011
00100010110000000000000001101111
11111101100001000010011110000011
00000000000101111000011100010011
11111100111001000010110000100011
11111101110001000010011100000011
00000000000101110000011010010011
11111100110101000010111000100011
00000000001001110001011100010011
11111010110001000010011010000011
00000000111001101000011100110011
11111011110001000010011010000011
00000000001001111001011110010011
00000000111101101000011110110011
00000000000001111010011110000011
00000000111101110010000000100011
11111101010001000010011100000011
11111101000001000010011110000011
00000000111001111101010001100011
00100011100000000000000001101111
11111101100001000010011100000011
11111100110001000010011110000011
00000000111101110101010001100011
00010011010000000000000001101111
00100010010000000000000001101111
11111101010001000010011110000011
00000000000101111000011100010011
11111100111001000010101000100011
11111101110001000010011100000011
00000000000101110000011010010011
11111100110101000010111000100011
00000000001001110001011100010011
11111010110001000010011010000011
00000000111001101000011100110011
11111100010001000010011010000011
00000000001001111001011110010011
00000000111101101000011110110011
00000000000001111010011110000011
00000000111101110010000000100011
11111101010001000010011100000011
11111101000001000010011110000011
00000000111101110101010001100011
00011010010000000000000001101111
00100010000000000000000001101111
11111101100001000010011110000011
00000000000101111000011100010011
11111100111001000010110000100011
11111101110001000010011100000011
00000000000101110000011010010011
11111100110101000010111000100011
00000000001001110001011100010011
11111010110001000010011010000011
00000000111001101000011100110011
11111011110001000010011010000011
00000000001001111001011110010011
00000000111101101000011110110011
00000000000001111010011110000011
00000000111101110010000000100011
11111101100001000010011100000011
11111100110001000010011110000011
00000000111101110101010001100011
00011010000000000000000001101111
00000000000001011000000100010011
00000000000000000000000000010011
11111010000001000000000100010011
00000101110000010010010000000011
00000101100000010010100100000011
00000101010000010010100110000011
00000101000000010010101000000011
00000100110000010010101010000011
00000100100000010010101100000011
00000100010000010010101110000011
00000110000000010000000100010011
00000000000000001000000001100111
11111101000000010000000100010011
00000010000100010010011000100011
00000010100000010010010000100011
00000011000000010000010000010011
11111100101001000010111000100011
11111100101101000010110000100011
11111100110001000010101000100011
11111101100001000010011100000011
11111101010001000010011110000011
00000000111001111101010001100011
00100101000000000000000001101111
11111101010001000010011100000011
11111101100001000010011110000011
00000000111101110011011110110011
00000001111101111101011100010011
00000000111101110000011110110011
01000000000101111100011110010011
00000000000001111000011100010011
11111101100001000010011110000011
00000000111001111000011110110011
11111110111101000010011000100011
11111110110001000010011000000011
11111101100001000010010110000011
11111101110001000010010100000011
00000000000000000000001100010111
11111010010000110000000011100111
11111110110001000010011110000011
00000000000101111000011110010011
11111101010001000010011000000011
00000000000001111000010110010011
11111101110001000010010100000011
00000000000000000000001100010111
11111000100000110000000011100111
11111101010001000010011010000011
11111110110001000010011000000011
11111101100001000010010110000011
11111101110001000010010100000011
00000000000000000000001100010111
10111111010000110000000011100111
00000000000000000000000000010011
00000010110000010010000010000011
00000010100000010010010000000011
00000011000000010000000100010011
00000000000000001000000001100111

    
